AUC: 0.9977379100520937
F1: 0.9701373902123143
PRECISION: 0.9440883977900553
RECALL: 0.9976646426903316
TN: 343568
FN: 30
TP: 12816
FP: 759
#Test_AUC: 0.9977±0.0000